ParName   Value   Gradient
log_n_imm(1)      17.1224     -129.431
log_n_imm(2)      17.1714     -757.012
log_n_imm(3)      16.8732     -3060.99
log_n_imm(4)      16.7524     -13021.1
log_n_imm(5)      16.8311     -43620.5
log_n_imm(6)      16.9561     -78926.3
log_n_imm(7)      16.6621     -65968.4
log_n_imm(8)      16.5443       -59951
log_n_imm(9)      16.4057     -52427.3
log_n_imm(10)      15.9197     -32320.2
log_n_imm(11)      15.6856     -25770.2
log_n_imm(12)      14.2472     -6238.47
log_n_imm(13)       12.934     -1657.75
log_n_imm(14)      12.6641     -1260.36
log_n_imm(15)      11.2683     -304.375
log_n_imm(16)      3.57712   -0.0826152
log_n_imm(17)      3.57712   -0.0826152
log_n_imm(18)      10.5688     -12614.4
log_n_mat(1)      14.8746     -11.3939
log_n_mat(2)      15.1054     -79.7609
log_n_mat(3)      15.6493     -749.136
log_n_mat(4)      15.6334     -3704.99
log_n_mat(5)      15.8134     -14828.4
log_n_mat(6)      16.1516       -48478
log_n_mat(7)       16.375      -173782
log_n_mat(8)      16.6047      -639143
log_n_mat(9)      16.7803 -1.10116e+06
log_n_mat(10)      16.9621  -1.2655e+06
log_n_mat(11)      17.1159 -6.37689e+06
log_n_mat(12)       17.141      -245120
log_n_mat(13)      16.9251      -196549
log_n_mat(14)      16.6836     -98049.6
log_n_mat(15)      16.1043     -56833.5
log_n_mat(16)      15.3715     -28207.5
log_n_mat(17)      14.5534     -12343.3
log_n_mat(18)      13.1364     -2961.58
nat_m_dev(1995)            0     -18606.9
nat_m_dev(1996)            0      16420.9
nat_m_dev(1997)            0      16536.5
nat_m_dev(1998)            0     -4625.06
nat_m_dev(1999)            0     -2856.79
nat_m_dev(2000)            0      -2501.6
nat_m_dev(2001)            0     -2490.05
nat_m_dev(2002)            0     -5088.81
nat_m_dev(2003)            0     -2593.94
nat_m_dev(2004)            0     -14793.5
nat_m_dev(2005)            0      -5591.6
nat_m_dev(2006)            0     -2445.85
nat_m_dev(2007)            0      6280.21
nat_m_dev(2008)            0      14522.7
nat_m_dev(2009)            0      5212.14
nat_m_dev(2010)            0     -3055.18
nat_m_dev(2011)            0     -8166.63
nat_m_dev(2012)            0     -2030.44
nat_m_dev(2013)            0      -2972.5
nat_m_dev(2014)            0     -8066.66
nat_m_dev(2015)            0     -601.111
nat_m_dev(2016)            0      4396.85
nat_m_dev(2017)            0      6850.74
nat_m_dev(2018)            0      14755.4
nat_m_dev(2019)            0      21101.6
nat_m_dev(2020)            0      12720.6
nat_m_dev(2021)            0      11071.5
nat_m_dev(2022)            0      -7391.2
nat_m_dev(2023)            0     -35991.2
nat_m_mat_dev(1995)            0       315752
nat_m_mat_dev(1996)            0       316220
nat_m_mat_dev(1997)            0       312991
nat_m_mat_dev(1998)            0       304505
nat_m_mat_dev(1999)            0       290814
nat_m_mat_dev(2000)            0       275049
nat_m_mat_dev(2001)            0       256727
nat_m_mat_dev(2002)            0       235947
nat_m_mat_dev(2003)            0       212887
nat_m_mat_dev(2004)            0       189145
nat_m_mat_dev(2005)            0       166230
nat_m_mat_dev(2006)            0       141374
nat_m_mat_dev(2007)            0       112757
nat_m_mat_dev(2008)            0      80629.2
nat_m_mat_dev(2009)            0      47420.7
nat_m_mat_dev(2010)            0      10641.1
nat_m_mat_dev(2011)            0     -26165.1
nat_m_mat_dev(2012)            0     -62343.7
nat_m_mat_dev(2013)            0     -97538.1
nat_m_mat_dev(2014)            0      -133261
nat_m_mat_dev(2015)            0      -170035
nat_m_mat_dev(2016)            0      -207507
nat_m_mat_dev(2017)            0      -244400
nat_m_mat_dev(2018)            0      -285711
nat_m_mat_dev(2019)            0      -327117
nat_m_mat_dev(2020)            0      -367576
nat_m_mat_dev(2021)            0      -410586
nat_m_mat_dev(2022)            0      -454277
nat_m_mat_dev(2023)            0      -482569
nat_m_lg_dev(1995)            0        16660
nat_m_lg_dev(1996)            0      15213.7
nat_m_lg_dev(1997)            0      12917.8
nat_m_lg_dev(1998)            0      10662.1
nat_m_lg_dev(1999)            0      8148.93
nat_m_lg_dev(2000)            0      5747.54
nat_m_lg_dev(2001)            0      3557.45
nat_m_lg_dev(2002)            0         1691
nat_m_lg_dev(2003)            0      179.493
nat_m_lg_dev(2004)            0     -965.771
nat_m_lg_dev(2005)            0     -1801.96
nat_m_lg_dev(2006)            0     -2407.99
nat_m_lg_dev(2007)            0     -2850.23
nat_m_lg_dev(2008)            0     -3175.35
nat_m_lg_dev(2009)            0     -3414.71
nat_m_lg_dev(2010)            0     -3594.42
nat_m_lg_dev(2011)            0     -3743.86
nat_m_lg_dev(2012)            0     -3884.83
nat_m_lg_dev(2013)            0     -4023.35
nat_m_lg_dev(2014)            0     -4158.55
nat_m_lg_dev(2015)            0     -4294.66
nat_m_lg_dev(2016)            0     -4426.08
nat_m_lg_dev(2017)            0     -4531.41
nat_m_lg_dev(2018)            0     -4582.38
nat_m_lg_dev(2019)            0     -4583.48
nat_m_lg_dev(2020)            0     -4584.18
nat_m_lg_dev(2021)            0     -4584.66
nat_m_lg_dev(2022)            0     -4584.98
nat_m_lg_dev(2023)            0     -4585.19
q_dev(1995)            0     -11023.8
q_dev(1996)            0      -445099
q_dev(1997)            0 -1.27559e+06
q_dev(1998)            0 -1.32368e+06
q_dev(1999)            0      -814979
q_dev(2000)            0      -841063
q_dev(2001)            0      -828799
q_dev(2002)            0      -821859
q_dev(2003)            0      -779478
q_dev(2004)            0      -834283
q_dev(2005)            0      -526676
q_dev(2006)            0      -741266
q_dev(2007)            0      -883268
q_dev(2008)            0 -1.02235e+06
q_dev(2009)            0 -1.45057e+06
q_dev(2010)            0 -1.01357e+06
q_dev(2011)            0      -827639
q_dev(2012)            0      -699706
q_dev(2013)            0      -808434
q_dev(2014)            0      -759279
q_dev(2015)            0      -671784
q_dev(2016)            0      -816150
q_dev(2017)            0      -915832
q_dev(2018)            0      -947728
q_dev(2019)            0 -1.09506e+06
q_dev(2020)            0 -1.28692e+06
q_dev(2021)            0      -955670
q_dev(2022)            0      -847913
q_dev(2023)            0      -525495
q_mat_dev(1995)            0      -70.444
q_mat_dev(1996)            0     -800.145
q_mat_dev(1997)            0     -1546.44
q_mat_dev(1998)            0     -2934.24
q_mat_dev(1999)            0     -2985.76
q_mat_dev(2000)            0     -4224.57
q_mat_dev(2001)            0     -5687.53
q_mat_dev(2002)            0     -6863.46
q_mat_dev(2003)            0     -7748.87
q_mat_dev(2004)            0     -10704.9
q_mat_dev(2005)            0     -15560.8
q_mat_dev(2006)            0     -20152.5
q_mat_dev(2007)            0     -22569.9
q_mat_dev(2008)            0     -27857.7
q_mat_dev(2009)            0     -26224.3
q_mat_dev(2010)            0     -25935.8
q_mat_dev(2011)            0     -23249.7
q_mat_dev(2012)            0     -23131.9
q_mat_dev(2013)            0     -26601.1
q_mat_dev(2014)            0     -30569.3
q_mat_dev(2015)            0     -20901.4
q_mat_dev(2016)            0     -24572.3
q_mat_dev(2017)            0     -31420.9
q_mat_dev(2018)            0     -32926.5
q_mat_dev(2019)            0     -41911.9
q_mat_dev(2020)            0     -41232.3
q_mat_dev(2021)            0     -44798.6
q_mat_dev(2022)            0     -42268.9
q_mat_dev(2023)            0     -36770.1
q_lg_dev(1995)            0            0
q_lg_dev(1996)            0            0
q_lg_dev(1997)            0            0
q_lg_dev(1998)            0            0
q_lg_dev(1999)            0            0
q_lg_dev(2000)            0            0
q_lg_dev(2001)            0            0
q_lg_dev(2002)            0            0
q_lg_dev(2003)            0            0
q_lg_dev(2004)            0            0
q_lg_dev(2005)            0            0
q_lg_dev(2006)            0            0
q_lg_dev(2007)            0            0
q_lg_dev(2008)            0            0
q_lg_dev(2009)            0            0
q_lg_dev(2010)            0            0
q_lg_dev(2011)            0            0
q_lg_dev(2012)            0            0
q_lg_dev(2013)            0            0
q_lg_dev(2014)            0            0
q_lg_dev(2015)            0            0
q_lg_dev(2016)            0            0
q_lg_dev(2017)            0            0
q_lg_dev(2018)            0            0
q_lg_dev(2019)            0            0
q_lg_dev(2020)            0            0
q_lg_dev(2021)            0            0
q_lg_dev(2022)            0            0
q_lg_dev(2023)            0            0
log_avg_rec      20.2833 -3.74834e+07
rec_devs(1995)      2.27874       307163
rec_devs(1996)    -0.490033      -289203
rec_devs(1997)    -0.385339      -295900
rec_devs(1998)     0.198039      81424.6
rec_devs(1999)     0.381881      52653.7
rec_devs(2000)     0.259997      44946.9
rec_devs(2001)    -0.028114      46355.5
rec_devs(2002)     0.126201      83205.7
rec_devs(2003)     0.159297        38663
rec_devs(2004)     0.772151       225479
rec_devs(2005)     0.701622      65751.5
rec_devs(2006)     0.279856      5640.95
rec_devs(2007)    0.0678341      -118831
rec_devs(2008)    -0.418075      -304595
rec_devs(2009)    -0.485736      -100842
rec_devs(2010)    -0.288833      43241.2
rec_devs(2011)    -0.236981       133843
rec_devs(2012)    -0.142785      5158.71
rec_devs(2013)   -0.0954159      20457.4
rec_devs(2014)    -0.456827       119271
rec_devs(2015)    -0.501356      11185.4
rec_devs(2016)    -0.317239      -126237
rec_devs(2017)    -0.610209      -108762
rec_devs(2018)    -0.496791      -235703
rec_devs(2019)    -0.272275      -368519
rec_devs(2020)  9.87589e-05      -168745
rec_devs(2021)  9.87589e-05      -102398
rec_devs(2022)  9.87589e-05       264650
rec_devs(2023)            0       662878
sigma_m(1)       1.2005 -3.46975e-07
sigma_m(2)        1.005 -4.56107e-07
sigma_m(3)        1.005 -4.56107e-07
log_m_mu     -1.09209       900009
log_m_mat_mu(1)     -1.25362         -inf
log_m_mat_mu(2)    -0.999927       132970
prop_rec(1)      20.0441  1.02218e+06
prop_rec(2)      20.2879 -2.75004e+06
log_f    -0.456784  4.84836e+06
f_dev(1995)            0       372860
f_dev(1996)            0       357033
f_dev(1997)            0       336387
f_dev(1998)            0       282614
f_dev(1999)            0       259120
f_dev(2000)            0       229307
f_dev(2001)            0       200601
f_dev(2002)            0       167297
f_dev(2003)            0       137959
f_dev(2004)            0       115921
f_dev(2005)            0      92790.2
f_dev(2006)            0      68118.3
f_dev(2007)            0      41119.5
f_dev(2008)            0      14136.8
f_dev(2009)            0     -10750.1
f_dev(2010)            0     -36047.7
f_dev(2011)            0     -60279.3
f_dev(2012)            0       -82670
f_dev(2013)            0      -110300
f_dev(2014)            0      -136507
f_dev(2015)            0      -161026
f_dev(2016)            0      -189665
f_dev(2017)            0      -215137
f_dev(2018)            0      -241021
f_dev(2019)            0      -270956
f_dev(2020)            0      -301629
f_dev(2021)            0      -332554
f_dev(2022)            0      -358836
f_dev(2023)            0      -167887
fish_ret_sel_50      97.5822          nan
fish_ret_sel_slope      14.3355          nan
fish_tot_sel_50      86.9827  1.94277e+06
fish_tot_sel_slope     0.344758  8.01103e+06
surv_sel_50      66.9827  3.63063e+07
surv_sel_slope     0.344758   4.8982e+07
