# Number of parameters = 193 Objective function value = 957.614686299628  Maximum gradient component = 0.000563502659680372
# log_n_imm:
 21.8293181756145 21.4280937746247 21.3654010749001 21.2408887765088 20.8471048581888 20.6013267591930 19.9779905208027 19.4656655292888 18.9860032253218 18.1573259141217 17.6201030940183 15.9501938116950 14.3893024266644 13.9089555245896 12.1642007415394 1.09817018560611 1.09217923438672 10.9796705697917
# log_n_mat:
 20.3639048137286 20.2563595640658 20.1517354599466 19.9471703152566 19.6186676545874 19.5886616515610 19.3898270461358 19.2141844794285 19.0716807387543 18.9239055325895 18.7807332461954 18.4977666543170 18.0306558405897 17.5455501362212 16.7646977812100 15.8638078076478 14.9231794802738 13.5034700580856
# nat_m_dev:
 0.735349396470435 1.21538537154998 -0.0391840662765510 1.34250547751359 -0.180618645967565 0.671046128156215 1.16233191534509 0.627572883262916 0.421887330206823 1.19305897312210 -0.346834049990691 0.895494149306790 -0.811074015109284 0.426181229512709 0.967886995521894 0.760538375244973 -0.849608811652342 -2.45086448251977 -1.38566471197924 1.23072584602602 -1.27768866768627 -1.12072675187759 0.396774801333637 -1.78845448470567 -1.71906343751500 0.626244018529933 0.665250227388995 0.902393444236509 -2.27084443744863
# nat_m_mat_dev:
 0.476588764094196 0.123850927848752 0.204109684167880 0.982432986939601 0.270328533442866 0.415106858960703 0.152538825923508 -0.0249223604145071 -0.726986854840525 -0.695855495397311 -0.586639328492532 -0.645490739891163 -0.182143273860686 0.449541650498914 0.348998838461077 0.353165901678047 -0.0334781668477729 -0.174243733770084 -0.0694696415055323 0.258496212229458 -1.19948287603106 -1.11383060623478 -0.126221563952333 -0.453365522624783 0.305285486957862 0.455903106700776 0.686359032107516 0.645300892242894 -0.0958775383909830
# nat_m_lg_dev:
 0.00000000000000 0.00000000000000 0.00000000000000 0.00000000000000 0.00000000000000 0.00000000000000 0.00000000000000 0.00000000000000 0.00000000000000 0.00000000000000 0.00000000000000 0.00000000000000 0.00000000000000 0.00000000000000 0.00000000000000 0.00000000000000 0.00000000000000 0.00000000000000 0.00000000000000 0.00000000000000 0.00000000000000 0.00000000000000 0.00000000000000 0.00000000000000 0.00000000000000 0.00000000000000 0.00000000000000 0.00000000000000 0.00000000000000
# q_dev:
 0.00000000000000 0.00000000000000 0.00000000000000 0.00000000000000 0.00000000000000 0.00000000000000 0.00000000000000 0.00000000000000 0.00000000000000 0.00000000000000 0.00000000000000 0.00000000000000 0.00000000000000 0.00000000000000 0.00000000000000 0.00000000000000 0.00000000000000 0.00000000000000 0.00000000000000 0.00000000000000 0.00000000000000 0.00000000000000 0.00000000000000 0.00000000000000 0.00000000000000 0.00000000000000 0.00000000000000 0.00000000000000 0.00000000000000
# q_mat_dev:
 0.00000000000000 0.00000000000000 0.00000000000000 0.00000000000000 0.00000000000000 0.00000000000000 0.00000000000000 0.00000000000000 0.00000000000000 0.00000000000000 0.00000000000000 0.00000000000000 0.00000000000000 0.00000000000000 0.00000000000000 0.00000000000000 0.00000000000000 0.00000000000000 0.00000000000000 0.00000000000000 0.00000000000000 0.00000000000000 0.00000000000000 0.00000000000000 0.00000000000000 0.00000000000000 0.00000000000000 0.00000000000000 0.00000000000000
# q_lg_dev:
 0.00000000000000 0.00000000000000 0.00000000000000 0.00000000000000 0.00000000000000 0.00000000000000 0.00000000000000 0.00000000000000 0.00000000000000 0.00000000000000 0.00000000000000 0.00000000000000 0.00000000000000 0.00000000000000 0.00000000000000 0.00000000000000 0.00000000000000 0.00000000000000 0.00000000000000 0.00000000000000 0.00000000000000 0.00000000000000 0.00000000000000 0.00000000000000 0.00000000000000 0.00000000000000 0.00000000000000 0.00000000000000 0.00000000000000
# log_avg_rec:
21.4245848187
# rec_devs:
 1.72332769162 1.39172704956 0.951836047782 0.886955172793 0.598831789943 0.701237690185 0.583998237529 0.137483131910 0.396743642633 0.744504743726 1.00997512472 0.631289638483 0.709667825305 0.474266915427 -0.834874799950 -0.987869624769 -0.870153712919 -0.952530666068 -0.0858254622631 -0.345522946868 -0.806238051248 0.343958750920 0.341084768657 0.543226728401 0.854763933942 -0.00128710313214 -0.290298396744 -1.31499561614 0.00000000000
# sigma_m:
 1.20050000000 1.00500000000 1.00500000000
# log_m_mu:
-1.09208801961
# log_m_mat_mu:
 -0.240608053273 -0.240608038437
# prop_rec:
 12.8628129334 9.51048441652
# sigma_q:
 2.00500000000 2.00500000000
# log_f:
0.489490582094
# f_dev:
 -1.15784240842 -1.35785596747 -1.31741111198 0.327786309763 -0.000847474572700 0.0776060598333 0.0983659168503 1.15570095749 1.39319127592 0.208120396945 -0.142046281351 -0.207410500906 -0.138820891946 -0.0808400867280 0.0470181869178 0.477855894529 0.554533200112 0.0450492329500 0.0907699754741 0.347550943750 0.310686007900 0.243291277890 -0.0845785859582 -0.431494153432 -0.455657337807 -0.664914127909 -0.289314006858 0.220721400873 0.730785898136
# fish_ret_sel_50:
97.5821663500
# fish_ret_sel_slope:
14.3355477700
# fish_tot_sel_50:
87.3131567621
# fish_tot_sel_slope:
0.349620191507
# surv_sel_50:
113.600610158
# surv_sel_slope:
0.0761131508529
