# Number of parameters = 308 Objective function value = 308.524545386396  Maximum gradient component = 0.000248779937935626
# log_n_imm:
 18.5624219635485 19.6727505637753 19.7547024029565 19.9026473191686 19.8713345408470 19.7893762295501 19.4940859941803 19.4072706655051 19.3791921792528 18.8505166490048 18.3241508094934 18.3689152036645 17.8283178817176 16.7965968791738 15.2468332024432 13.2765638457491 11.9710086236205 10.3162795981165 9.60519803159753 8.24100501412006 6.50560796153406
# log_n_mat:
 17.7545500129832 11.5477144151363 15.7576277012821 17.4077207692193 18.3652902867875 18.9527881058462 19.0075194488104 18.8872842017460 18.9274500490610 19.0203394797405 18.8414821873011 18.4289054663544 18.0582053820644 18.2773791304335 18.2089760391691 17.5262715377623 16.6925543381141 15.6785790824974 14.6322973573175 13.3564277127932 12.0372574739113
# nat_m_dev:
 -0.117884073354852 -0.415182074766234 -0.561907599874363 -1.04079643580227 -1.13738657081349 -0.907319684570290 -0.675297850972845 -0.407394719618654 -0.176442904326870 0.0881397820754120 -0.0293265807625093 0.187618760874075 0.135081644241894 0.229345848584030 0.558241896644681 0.685362097562143 0.224043911174892 -0.685281481858594 -0.454619167916049 0.229110699666695 -0.148423563243864 -0.286329768676115 -0.330060019649263 -0.259778921544125 -0.413055763566024 -0.322285304548015 -0.456483525650783 -0.383038641310910 0.328172020135324 0.287204453523527 0.0223332045906860 -0.0227375818045109 0.618743921251519 0.508435058606067 -0.135089809480657 -0.372238824578217 0.525052280164476 1.90222624028554 0.00000000000000 -0.782265623569200 -0.270087652403632 0.261589741517697
# nat_m_mat_dev:
 -0.238182656904233 0.594678539384263 1.32150459070745 -0.547969863764086 -1.28075920380673 -0.941832365219465 -0.275297788223236 -0.118796129706957 0.231653653247127 1.00245401443650 0.0770167705230485 -0.0118915443641398 0.0899237376127547 0.613523004807852 0.540717457616502 0.550957189938519 0.686790644307855 -0.482348203997552 -0.638288033831431 0.343468380443715 0.229455114429566 -0.300276357717959 -0.375184391428867 0.426946129131900 0.625438685645103 0.537188546576647 0.0451626078885932 -0.802005627734877 -0.877895712103736 -0.230556127923942 0.716382576206083 0.131196446495546 0.590647777151561 0.273938501699878 -0.0776492289440087 0.0254039320053661 0.810003054020172 1.24200207287008 0.00000000000000 0.674511911049257 -0.103629751720932 -1.07834757177637
# nat_m_lg_dev:
 0.00000000000000 0.00000000000000 0.00000000000000 0.00000000000000 0.00000000000000 0.00000000000000 0.00000000000000 0.00000000000000 0.00000000000000 0.00000000000000 0.00000000000000 0.00000000000000 0.00000000000000 0.00000000000000 0.00000000000000 0.00000000000000 0.00000000000000 0.00000000000000 0.00000000000000 0.00000000000000 0.00000000000000 0.00000000000000 0.00000000000000 0.00000000000000 0.00000000000000 0.00000000000000 0.00000000000000 0.00000000000000 0.00000000000000 0.00000000000000 0.00000000000000 0.00000000000000 0.00000000000000 0.00000000000000 0.00000000000000 0.00000000000000 0.00000000000000 0.00000000000000 0.00000000000000 0.00000000000000 0.00000000000000 0.00000000000000
# q_dev:
 0.00000000000000 0.00000000000000 0.00000000000000 0.00000000000000 0.00000000000000 0.00000000000000 0.00000000000000 0.00000000000000 0.00000000000000 0.00000000000000 0.00000000000000 0.00000000000000 0.00000000000000 0.00000000000000 0.00000000000000 0.00000000000000 0.00000000000000 0.00000000000000 0.00000000000000 0.00000000000000 0.00000000000000 0.00000000000000 0.00000000000000 0.00000000000000 0.00000000000000 0.00000000000000 0.00000000000000 0.00000000000000 0.00000000000000 0.00000000000000 0.00000000000000 0.00000000000000 0.00000000000000 0.00000000000000 0.00000000000000 0.00000000000000 0.00000000000000 0.00000000000000 0.00000000000000 0.00000000000000 0.00000000000000 0.00000000000000
# q_mat_dev:
 0.00000000000000 0.00000000000000 0.00000000000000 0.00000000000000 0.00000000000000 0.00000000000000 0.00000000000000 0.00000000000000 0.00000000000000 0.00000000000000 0.00000000000000 0.00000000000000 0.00000000000000 0.00000000000000 0.00000000000000 0.00000000000000 0.00000000000000 0.00000000000000 0.00000000000000 0.00000000000000 0.00000000000000 0.00000000000000 0.00000000000000 0.00000000000000 0.00000000000000 0.00000000000000 0.00000000000000 0.00000000000000 0.00000000000000 0.00000000000000 0.00000000000000 0.00000000000000 0.00000000000000 0.00000000000000 0.00000000000000 0.00000000000000 0.00000000000000 0.00000000000000 0.00000000000000 0.00000000000000 0.00000000000000 0.00000000000000
# q_lg_dev:
 0.00000000000000 0.00000000000000 0.00000000000000 0.00000000000000 0.00000000000000 0.00000000000000 0.00000000000000 0.00000000000000 0.00000000000000 0.00000000000000 0.00000000000000 0.00000000000000 0.00000000000000 0.00000000000000 0.00000000000000 0.00000000000000 0.00000000000000 0.00000000000000 0.00000000000000 0.00000000000000 0.00000000000000 0.00000000000000 0.00000000000000 0.00000000000000 0.00000000000000 0.00000000000000 0.00000000000000 0.00000000000000 0.00000000000000 0.00000000000000 0.00000000000000 0.00000000000000 0.00000000000000 0.00000000000000 0.00000000000000 0.00000000000000 0.00000000000000 0.00000000000000 0.00000000000000 0.00000000000000 0.00000000000000 0.00000000000000
# log_avg_rec:
21.0289312077
# rec_devs:
 -0.0608834146560 -0.0868300993216 0.283536001539 1.03132017718 0.407805601045 0.376083625046 0.0307560157494 0.363783529323 1.36668050364 1.70169241496 1.54787939550 0.703640784771 -0.556997752382 -0.674238216928 -0.361911925483 -0.336023627759 -0.491712277583 -0.854279268240 -0.638953641480 0.222911560538 0.290338810780 0.277990387147 0.145520618621 -0.519459026012 -1.33868198364 -0.172920595270 0.727391604872 0.135051348406 -0.0648202251574 -0.0429440612798 0.0397359956298 0.204259935510 1.68928018600 1.62143957690 1.32674626979 -1.01446216375 -2.04859219461 -2.33849460651 -1.49742398756 -0.853977030911 0.833870804569 0.00000000000
# sigma_m:
 1.00000000000 1.00000000000 1.00000000000
# log_m_mu:
 -1.35304208199 -0.774265470319 -1.18900656942
# prop_rec:
 14.2475955068 2.92524152000
# sigma_q:
 0.100000000000 0.100000000000
# log_f:
0.137366986933
# f_dev:
 -1.26759505535 -1.90892376034 -0.423001552008 0.284589101033 -0.0126087511107 0.0677596071707 -0.224859908514 -0.282804194761 0.702525208957 0.549135025857 1.51074639773 0.814354638907 0.768999463992 0.388099989632 0.451769191190 0.501858487597 0.993882194533 -0.907380456490 -0.964572381794 0.0469570944019 0.201393365800 -0.879193388744 -1.17496146033 -0.517185737780 0.0946985489970 0.338849584822 -0.183858527371 -0.956451642364 -1.79369902548 -0.810021349403 0.0192280903380 0.414319002910 0.650837296745 0.438170900612 -0.130019265778 -0.0186065625550 1.03247498478 1.53201532208 1.78753531075 -1.13445578865
# fish_ret_sel_50:
96.9093082555
# fish_ret_sel_50_post:
102.052586338
# fish_ret_sel_slope:
0.214615415146
# fish_ret_sel_slope_post:
0.297360857778
# fish_tot_sel_offset:
-9.26540614997
# fish_tot_sel_offset_dev:
 0.00000000000 0.00000000000 0.00000000000 0.00000000000 0.00000000000 0.00000000000 0.00000000000 0.00000000000 0.00000000000 0.00000000000 0.00000000000 0.00000000000 0.00000000000 0.00000000000 0.00000000000 0.00000000000 0.00000000000 0.00000000000 0.00000000000 0.00000000000 0.00000000000 0.00000000000 0.00000000000 0.00000000000 0.00000000000 0.00000000000 0.00000000000 0.00000000000 0.00000000000 0.00000000000 0.00000000000 0.00000000000 0.00000000000 0.00000000000 0.00000000000 0.00000000000 0.00000000000 0.00000000000 0.00000000000 0.00000000000
# fish_tot_sel_slope:
-1.62410717048
# surv_omega:
0.569238996083
# surv_alpha1:
0.106071934591
# surv_beta1:
111.589702262
# surv_alpha2:
0.179560206684
# surv_beta2:
41.6216103753
