# Number of parameters = 193 Objective function value = 1188.65013578831  Maximum gradient component = 0.00113715722719442
# log_n_imm:
 21.8156294306724 21.8504192838405 21.4806224430213 21.0469280762004 20.5918507692423 19.8947122110089 19.2393845152462 18.9672812505355 18.6307531358371 18.2194236832050 17.8447048816245 17.5210162026973 17.2174229787517 16.8139758992995 16.0648769847458 14.7816058525011 13.7269528841118 11.4315999027269 1.13341906105741 1.09250851103276 1.08838863326780
# log_n_mat:
 1.55140719484776 16.6017014682220 17.7386520360199 18.3553026864670 18.4427229303676 18.6335270487470 18.4851986422343 18.2046400067277 17.7084605109581 17.4922813019626 17.3249295788036 17.1751157066130 16.9949738810354 16.8894807279174 16.9232891722381 16.9649224293657 17.1873210617511 16.9265220418178 16.4872865883501 15.8865745875123 14.9764874167089
# nat_m_dev:
 0.460730339957843 0.225946626648823 0.553183687805086 0.122196663738373 0.367886529394561 -0.238040319158404 0.0134882336721533 -0.313701684824010 -0.233354882917521 -0.851775907459786 -0.614273393657648 -0.241287654784531 -0.415296032273719 0.214178083751711 -0.145857873481495 0.116577036512688 -0.271790010082536 -0.373022522452852 0.109356134982848 0.175296027481753 0.146104123271524 -0.438159125745795 0.287429609110008 0.432278775448187 0.729866519065578 0.536018857620316 -0.353977841623154
# nat_m_mat_dev:
 0.148482941164243 0.0644625944360345 0.509095564668621 0.451363953643654 0.00994541107053686 0.318629906636500 -0.347690386664961 0.114596277766952 0.258865044084097 0.254210366165716 -0.000441651809751371 0.609395921072581 0.244872223362752 -0.497757634408553 0.191999543679922 0.553387134430209 0.173749181952089 0.534935563205654 -0.978010609487082 0.222377547126472 -0.307894426807644 0.0963543241836185 0.0961905761194962 0.00517095586079024 0.263093802751278 0.0698829955678653 -3.05926711977109
# nat_m_lg_dev:
 0.00000000000000 0.00000000000000 0.00000000000000 0.00000000000000 0.00000000000000 0.00000000000000 0.00000000000000 0.00000000000000 0.00000000000000 0.00000000000000 0.00000000000000 0.00000000000000 0.00000000000000 0.00000000000000 0.00000000000000 0.00000000000000 0.00000000000000 0.00000000000000 0.00000000000000 0.00000000000000 0.00000000000000 0.00000000000000 0.00000000000000 0.00000000000000 0.00000000000000 0.00000000000000 0.00000000000000
# q_dev:
 0.00000000000000 0.00000000000000 0.00000000000000 0.00000000000000 0.00000000000000 0.00000000000000 0.00000000000000 0.00000000000000 0.00000000000000 0.00000000000000 0.00000000000000 0.00000000000000 0.00000000000000 0.00000000000000 0.00000000000000 0.00000000000000 0.00000000000000 0.00000000000000 0.00000000000000 0.00000000000000 0.00000000000000 0.00000000000000 0.00000000000000 0.00000000000000 0.00000000000000 0.00000000000000 0.00000000000000
# q_mat_dev:
 0.00000000000000 0.00000000000000 0.00000000000000 0.00000000000000 0.00000000000000 0.00000000000000 0.00000000000000 0.00000000000000 0.00000000000000 0.00000000000000 0.00000000000000 0.00000000000000 0.00000000000000 0.00000000000000 0.00000000000000 0.00000000000000 0.00000000000000 0.00000000000000 0.00000000000000 0.00000000000000 0.00000000000000 0.00000000000000 0.00000000000000 0.00000000000000 0.00000000000000 0.00000000000000 0.00000000000000
# q_lg_dev:
 0.00000000000000 0.00000000000000 0.00000000000000 0.00000000000000 0.00000000000000 0.00000000000000 0.00000000000000 0.00000000000000 0.00000000000000 0.00000000000000 0.00000000000000 0.00000000000000 0.00000000000000 0.00000000000000 0.00000000000000 0.00000000000000 0.00000000000000 0.00000000000000 0.00000000000000 0.00000000000000 0.00000000000000 0.00000000000000 0.00000000000000 0.00000000000000 0.00000000000000 0.00000000000000 0.00000000000000
# log_avg_rec:
21.5085590950
# rec_devs:
 1.09856898350 1.13990654722 0.749193761746 -0.537023212391 -1.36211687692 -0.598012180256 -0.823283783321 -0.885515501888 -0.537359233839 -0.235076230899 -0.0629285642158 -0.348015923730 0.0597683492166 0.0906742653805 -0.129739371424 -0.342050772549 -0.271768023956 -0.0865002031934 0.505445196517 0.200193873988 0.640955914972 0.561759341325 0.788839819443 1.17291754975 0.783538625099 0.140924241707 0.00000000000
# sigma_m:
 2.00500000000 2.00500000000 2.00500000000
# log_m_mu:
 -1.11474011740 -0.217516971132 -0.217516978277
# prop_rec:
 15.0080226227 2.86303765666
# sigma_q:
 2.00500000000 2.00500000000
# log_f:
-1.25109593090
# f_dev:
 -0.298329569946 -0.498090751946 -0.543015776095 -0.558076543408 -0.609197645933 -0.216924220189 -0.376222732903 0.0633037205266 0.162217478918 0.151549953946 0.106526446663 0.264680717338 0.168790684309 -0.985022227169 -1.23339859015 -0.204714231712 0.209106356475 -0.0419433669071 0.134178812317 -0.0922989603529 0.901548075891 0.223759411175 0.557442058502 0.253279117344 0.296761659371 0.820285611221 1.34380451271
# fish_ret_sel_50:
104.118595565
# fish_ret_sel_slope:
0.213157457795
# fish_tot_sel_50:
92.4307825400
# fish_tot_sel_slope:
0.267874169141
# surv_omega:
0.662415155549
# surv_alpha1:
0.150591833446
# surv_beta1:
88.3101968974
# surv_alpha2:
0.0710171990579
# surv_beta2:
63.1928689122
